10 45 001
2 4489 3 256 4 8464 5 1444 6 3249 7 6889 8 1521 9 6724 10 6561 
1 3136 3 625 4 2809 5 2601 6 5929 7 64 8 5929 9 5625 10 1681 
1 3721 2 4356 4 6561 5 2916 6 1 7 2916 8 4096 9 4761 10 400 
1 7921 2 169 3 1849 5 7396 6 2809 7 324 8 3844 9 3136 10 49 
1 6724 2 6561 3 1600 4 5184 6 3969 7 100 8 49 9 2116 10 6400 
1 5625 2 8649 3 3844 4 900 5 1024 7 10000 8 6724 9 5625 10 8649 
1 169 2 6241 3 4356 4 3481 5 196 6 3600 8 2209 9 1764 10 5329 
1 8281 2 5329 3 6724 4 8100 5 1369 6 3721 7 9801 9 1849 10 5625 
1 1089 2 6889 3 9025 4 8836 5 1296 6 3136 7 1681 8 9025 10 3600 
1 961 2 8649 3 3969 4 289 5 841 6 2116 7 144 8 3721 9 64 
